      0
    0.3900
    0.0775
    0.4675
    0.1575
    0.5450
    0.2350
    0.6225
    0.3125
         0
    0.3900
    0.0775
    0.4675
    0.1575
    0.5450
    0.2350
    0.6225
    0.3125
         0
    0.3900
    0.0775
    0.4675
    0.1575
    0.5450
    0.2350
    0.6225
    0.3125
         0
    0.3900
    0.0775
    0.4675
    0.1575
    0.5450
    0.2350
    0.6225
    0.3125
         0
    0.3900
    0.0775
    0.4675
    0.1575
    0.5450
    0.2350
    0.6225
    0.3125
         0
    0.3900
    0.0775
    0.4675
    0.1575
    0.5450
    0.2350
    0.6225
    0.3125
         0
    0.3900
    0.0775
    0.4675
    0.1575
    0.5450
    0.2350
    0.6225
    0.3125
         0
    0.3900
    0.0775
    0.4675
    0.1575
    0.5450
    0.2350
    0.6225
    0.3125
